Reeg_et_al_2021/1c/Res_Heat_0.txt
ncols        150
nrows        150
xllcorner    422552.650093869539
yllcorner    5894367.537926334888
cellsize     20.000000000000
NODATA_value  10
[rows 30 to 59 of 150, columns 0 to 67 of 150]
0 0 0 0 0 0 0 0 0 0 0 0 0 0 0 0 0 0 0 0 0 0 0 0 0 0 0 2.07775317528364 2.07140110035399 2.06660713138093 4.45963544808582 4.45822253560694 4.4574857870177 4.90821632867761 4.90724917834024 4.9065243048644 4.90402631786427 4.90226736263724 8.79241173227042 7.0684666223656 0 7.07061621769942 7.07381485943544 7.07959960427066 4.40722268180504 4.41000221547088 5.21078795857448 5.2085464537916 5.20868380858916 5.20893851818924 5.20908011172294 3.8203697418667 3.81430800466075 3.81469728475319 3.8147233134474 3.36101756701549 1.1389944695355 1.13997522196985 1.12652235294118 1.13102384462956 1.13467027351405 1.13606503607909 1.13675000468894 1.13986402154634 1.17717625832372 1.17609494668694 1.23981711011954 1.33819091896899
0 0 0 0 0 0 0 0 0 0 0 0 0 0 0 0 0 0 0 0 0 0 0 0 0 0 0 0 2.07558341148679 2.06940907782327 2.06416706971347 4.4587952503959 4.45727087541694 4.45636299165676 4.90687316591427 4.90612749074215 4.90356099580334 4.90202884944217 7.06912140556909 7.06803449028326 7.06860758262539 7.07000627613616 7.07333558672727 0 4.404337700919 4.40649208602738 4.40929259417735 5.20149030267279 5.20194247027008 5.20192958838575 5.20883154443983 5.2019783642253 3.79381587662462 3.80647485769212 3.35185019316629 1.1228089611029 1.12305020106859 1.12353273989137 1.12427580617803 1.12771481819637 1.12069640247065 1.12482999604423 1.12564394867253 1.11383885448037 1.1298001454518 1.13290606375934 1.17621445636389 1.19490321136847
0 0 0 0 0 0 0 0 0 0 0 0 0 0 0 0 0 0 0 0 0 0 0 0 0 0 0 0 0 2.07617090404396 2.06909286038896 2.06447341747916 2.06139786610744 2.05811241120682 4.45472315340147 3.88009419752799 3.87824630361966 3.87654847596966 7.06879775479416 7.06769874910352 7.06841085941976 7.06947420413824 7.07175549392605 4.40337155705783 4.40470170551572 4.40695138068687 4.40989613226246 4.41073072999072 5.20176886741917 5.20178030150701 5.20174325003104 5.20164248259046 3.33695392000348 3.33697303711744 1.09455426505653 1.12131338809736 1.12175956573547 1.12218437933999 1.12541680811739 1.11758684541186 1.11809981676332 1.11892496883146 1.10562988688985 1.11685322499692 1.11727319323424 1.12757198133606 1.11657690434583 1.92108194708818
0 0 0 0 0 0 0 0 0 0 0 0 0 0 0 0 0 0 0 0 0 0 0 0 0 0 0 0 0 0 2.0753834391734 2.06829952809346 2.06369963859912 2.05959147630868 2.05638289424705 2.05339759028236 3.36950132617851 3.87527638653886 3.87460915030429 7.06762415639731 7.06800548956834 7.06894868080733 7.07122701459078 4.40271664521247 4.40508157874601 4.40740528232434 0 4.41078291671734 4.41093415160477 5.20175328009944 4.77986337879749 4.7796490437342 2.368024766505 1.09368360636601 1.09392019073911 1.09694045804454 1.11237689709311 1.11576325229175 1.11609219918665 1.10261731564684 1.10301922273297 1.10344830860985 1.11107872411015 1.11147750996394 1.11545193796241 1.10148584928218 1.10309742999616 1.10375351997617
0 0 0 0 0 0 0 0 0 0 0 0 0 0 0 0 0 0 0 0 0 0 0 0 0 0 0 0 0 0 0 2.07387773392816 2.06515593034214 2.05949840155135 2.05585352169719 2.05228445972046 2.04900217043411 2.0459069197202 1.70265116680078 6.15690725257021 4.28175993654895 6.15977470853249 6.16182498090593 4.03835577677458 4.40545885338198 4.04548145325853 4.04825550889925 0 4.04873579961299 4.04848018156764 3.52083529496418 4.15585623678647 4.15594726445588 2.36112990361895 1.08798212377344 1.08811111111111 1.07410878176022 1.07705203203454 1.07723565114512 1.10136800144954 1.10182987800813 1.10948359302348 1.10960626185958 1.10226117741107 1.0958032038362 1.09609586023256 1.0964513958964 1.10101962219098
0 0 0 0 0 0 0 0 0 0 0 0 0 0 0 0 0 0 0 0 0 0 0 0 0 0 0 0 0 0 0 0 2.06977182281824 2.06150145695292 2.05547308428884 2.05074872223574 2.04810214763465 2.04584424997897 1.70207333574587 1.70185694365482 2.8362216675624 5.00273023666742 5.00374295145284 3.50372739830685 4.03581484080344 3.51147384523295 3.50941437125749 3.50969407680625 0 3.50935332279797 3.50919787425801 3.50904023636198 1.99471601420178 2.34929849152316 1.07311648036743 1.0733092164281 1.07619648577808 1.07649820892632 1.07677614102874 1.07678683310039 1.0842258049038 1.07654213143395 1.0938042545073 1.09453240497878 1.0946484027864 1.09473421990572 1.09559833086553 1.09650467650178
NA NA NA 0 0 0 0 0 0 0 0 0 0 0 0 0 0 0 0 0 0 0 0 0 0 0 0 0 0 0 0 0 0 2.06282528167188 2.05482814238984 2.0500161243612 2.04607717113096 1.70204098754214 1.701667702642 1.70176328195031 2.83604391388028 2.83647837155694 5.00331389024299 3.50317736641636 3.50459476487771 3.50780890103455 3.50938575626137 3.50960252795935 3.50957681664127 3.50918937994312 3.50923193086958 3.50914717820864 1.99466167162127 1.06925533305842 1.07320176236383 1.07312285163623 1.07584315198482 1.07594031827655 1.07606943432872 1.08387413344678 1.06894053070273 1.06901201215688 1.06895969441264 1.06908485040824 1.06944669131808 1.07002276739632 1.07049299318675 1.07093610409788
NA NA NA NA NA 0 0 0 0 0 0 0 0 0 0 0 0 0 0 0 0 0 0 0 0 0 0 0 0 0 0 0 0 0 2.05291434844483 2.04872876176645 2.04614633892931 1.70202436976081 1.70167080153794 1.70143385476808 1.70156087316084 2.83628905387346 2.8370430615652 3.50284760845384 3.5040997366409 3.50679298007918 3.50904843041557 3.50953954697363 3.50951425379619 3.50924917864153 3.50908569119673 3.50930310312402 1.99488685009007 2.35175024360992 1.0729121488857 1.0758120025812 1.07575812565529 1.06780031421205 1.06773324186594 1.06795854142437 1.06813100674801 1.06826665631912 1.06853283345573 1.06872343296674 1.06875861537127 1.06879757350952 1.06897147503218 1.06960527337683
NA NA NA NA NA NA NA 0 0 0 0 0 0 0 0 0 0 0 0 0 0 0 0 0 0 0 0 0 0 0 0 0 0 0 2.0501597234447 2.04623787211276 1.70167590029699 1.70113330954929 1.70112579513782 1.70144468402493 1.70150711839658 2.83619259154216 2.83675240157063 1.98653822545703 3.50354429074789 3.50538585815371 3.50870162506283 3.50935152399514 3.50920077654031 3.50911633306728 3.50922079148695 1.99486367415657 1.99509979008052 1.07346401282505 1.06774600766777 1.06749909424978 1.05968888154361 1.0598057392415 1.0677109372628 1.06730642317504 1.06751459549625 1.06783779034006 1.06771816123672 1.06783724602998 1.06784056176732 1.06798797897773 1.06822439421706 1.06859532227359
NA NA NA NA NA NA NA NA NA 0 0 0 0 0 0 0 0 0 0 0 0 0 0 0 0 0 0 0 0 0 0 0 0 0 0 1.70147049678029 1.70076450856118 1.70064236682084 1.70086206077841 1.70087881700493 1.70089542526193 1.7009933599279 2.83527051152925 1.98501369022329 1.98562401569721 1.98671906283487 1.99352453437287 3.50524451005721 1.98959093489013 1.98943384863851 1.98961206209225 1.9898729116694 1.99001637665608 1.05725026288118 1.05997893103846 1.05987863392605 1.05977439691554 1.05970777972845 1.06764389901244 1.06705755858354 1.06699970323474 1.06700332395807 1.06697965571205 1.06702308082186 1.06712248828026 1.06707599156405 1.06728260658255 1.06743021106896
NA NA NA NA NA NA NA NA NA NA NA NA 0 0 0 0 0 0 0 0 0 0 0 0 0 0 0 0 0 0 0 0 0 0 0 0 0 1.70036597871312 1.70034384481528 1.70032734781125 1.70033423811347 1.70036031562532 2.83400961463043 1.98391406352796 1.984076682898 1.98623431557969 1.98465452395195 1.98498713546405 1.98494402805804 1.98479249232247 1.98490943331978 1.98515270616741 1.98528706953666 1.05685446307588 1.05998088317614 1.06007956993835 1.05997416075625 1.06810727888278 1.06798261346612 1.06740507951481 1.06729453802961 1.0668272608652 1.06653548743441 1.06659712336164 1.06650135962596 1.06641891693787 1.06637878817484 1.0665337653845
NA NA NA NA NA NA NA NA NA NA NA NA NA NA 0 0 0 0 0 0 0 0 0 0 0 0 0 0 0 0 0 0 0 0 0 0 1.70046569775347 1.70039723622249 1.7003361508188 1.70033162292286 1.70033896835847 1.70035195009564 1.70039769714416 2.83407395164502 1.98395010567876 1.98414459676843 1.98435511886824 1.98477000462649 1.984779496283 1.98462649076664 1.98463679671744 1.98487578646263 1.98512356726571 1.05669867107522 0 1.06014274981217 1.06828291244712 1.06843895066393 1.06804756690092 1.06799838836228 1.06740540540541 1.0672000737146 1.06724813394367 1.06670418730302 1.06631854429319 1.06618122977346 1.06611762973145 1.06632655065404
NA NA NA NA NA NA NA NA NA NA NA NA NA NA NA NA 0 0 0 0 0 0 0 0 0 0 0 0 0 0 0 0 0 0 0 0 0 1.70040059089786 1.70034707278811 1.70034198458311 1.70034132769635 1.70034573023964 1.70035629201807 2.83401490738201 1.98386121551358 1.98399224609804 1.98420324832301 1.98444179970587 1.98443393964307 1.98452917119636 1.9846217450327 1.98484295878131 1.9850329196774 1.05664350478773 1.06012332935497 0 1.06855231143552 1.06849159768706 1.06814945097243 1.06807723911257 1.06789738901174 1.06758702101876 1.06742053472157 1.06700850425213 1.06698591462221 1.06649867107969 1.06627762000416 1.06642234822293
NA NA NA NA NA NA NA NA NA NA NA NA NA NA NA NA NA NA NA 0 0 0 0 0 0 0 0 0 0 0 0 0 0 0 0 0 0 1.70039735917041 1.70035436707785 1.70033309718432 1.70031566175216 1.700326363591 1.70033301301337 2.83393167461611 1.98378183580467 1.98385639951566 1.98407348030226 1.9842024535327 1.98428456884613 1.98448503398518 1.98458109860834 1.98481309979196 1.05191801110817 1.05655572125097 1.05965221963494 1.06000268600591 0 1.06844807911754 1.06845028477023 1.06812421601106 1.06774791620448 1.06790243174698 1.06770357252685 1.06736954595215 1.06717380682586 1.06683002189437 1.06699661101008 1.06655529165493
NA NA NA NA NA NA NA NA NA NA NA NA NA NA NA NA NA NA NA NA 0 0 0 0 0 0 0 0 0 0 0 0 0 0 0 0 0 1.70041360294118 1.70034260339629 1.70031997409495 1.70030691349972 1.70029590457683 1.70029280773762 1.70028725578655 1.9837022213085 1.98378661661892 1.98398220795089 1.98415429484495 1.98421574259251 1.98447742377096 1.98447170199046 1.9845099985414 1.05607129241327 1.05644826516311 1.0565779199247 1.06820735771663 1.06844062357711 1.06817362571343 1.06843813055571 1.06815520711142 1.06806412765317 1.06794871794872 1.06788558782968 1.06801398390125 1.06764787057874 1.06730120079008 1.06722573850662 1.06693530988997
NA NA NA NA NA NA NA NA NA NA NA NA NA NA NA NA NA NA NA NA NA 0 0 0 0 0 0 0 0 0 0 0 0 0 0 0 0 0 1.70033265409199 1.70030871767824 1.70028231065869 1.70026937514587 1.70024496834636 1.70025072036917 1.98365584137618 1.98373224035731 1.98381412353001 1.98408263755085 1.98406160090423 1.98416427827922 1.98438211894999 1.05130396832155 1.05355834806769 1.05631376608014 1.05644797928225 1.0681237240558 1.06809103601155 1.06812501337442 1.0680700906993 0 1.06812141347025 1.06802005579432 1.06830563879052 1.06795314797128 1.06788545594789 1.06806446726323 1.06774813836304 1.06739011939329
NA NA NA NA NA NA NA NA NA NA NA NA NA NA NA NA NA NA NA NA NA 0 0 0 0 0 0 0 0 0 0 0 0 0 0 0 0 0 1.70032312321983 1.70029109303526 1.70027263255383 1.7002401944763 1.70022919387831 1.70023318898897 1.98362864372397 1.98368198470386 1.98374719725612 1.98406747269611 1.98410363901019 1.98414038683614 1.9843996764446 1.05125936260831 1.0535579585227 1.05616339491917 1.05642869138083 1.06713935195208 1.06777169484088 1.06804047016813 1.06804239241803 1.06792953080514 1.06816550434661 0 1.06852743022137 1.0680807350927 1.06832980557313 1.06799814962239 1.06796201458005 1.06841026419678
NA NA NA NA NA NA NA NA NA NA NA NA NA NA NA NA NA NA NA NA NA NA 0 0 0 0 0 0 0 0 0 0 0 0 0 0 0 0 0 1.70026525372665 1.70023009634888 1.70022022174335 1.70021013983617 1.98357427120119 1.98358100471308 1.98361809965589 1.98371667275142 1.98389159270923 1.98410153556352 1.98417102721136 1.98440357485782 1.98432522413513 1.0532295061549 1.055795032829 1.06160380529441 1.061887835703 1.0671922268369 1.06763695636524 1.06789710341943 1.06820860906015 1.06829483383395 1.06828313382246 1.06852981546439 0 1.06863374449532 1.06838263106135 1.06849279103857 1.0685225104819
NA NA NA NA NA NA NA NA NA NA NA NA NA NA NA NA NA NA NA NA NA NA NA 0 0 0 0 0 0 0 0 0 0 0 0 0 0 0 0 1.70025987038564 1.70022273990518 1.70020207678918 1.70019205462887 1.70018582348955 1.98355011569166 1.9835892870391 1.98367109182197 1.98380310349099 1.98407174756047 1.98406939141683 1.98411396620355 1.98435575103117 1.98603278779898 1.98817278474976 1.06130007938342 1.06163807449094 1.06193380412298 1.06756479696441 1.06786473840919 1.06786328080244 1.06822104883686 1.06858908619852 1.06835264909521 1.06835375026864 1.06873027314527 0 1.06879695119273 1.06882209093467
0 NA NA NA NA NA NA NA NA NA NA NA NA NA NA NA NA NA NA NA NA NA NA NA 0 0 0 0 0 0 0 0 0 0 0 0 0 0 0 1.70024031846283 1.7002039926007 1.70018357222814 1.70017077798861 1.70016797791402 0 1.98357997966598 1.98364598129807 1.98377235253821 1.98390738950883 1.9840833432541 1.98404146845708 1.98420098564707 1.98620803090114 1.98825856889253 1.99300915155891 1.99317884145978 1.06160505913532 1.06695763594138 1.06775826935348 1.06757035283554 1.06788477716731 1.06799645390071 1.0682491053319 1.06854214418544 1.06887814188899 1.06895497319064 1.06957404428101 0
0 0 NA NA NA NA NA NA NA NA NA NA NA NA NA NA NA NA NA NA NA NA NA NA NA 0 0 0 0 0 0 0 0 0 0 0 0 0 0 0 1.70018544690856 1.7001624519826 1.70016004577154 1.7001629892719 1.70016215449868 0 0 1.98374655105316 1.98391009795844 1.98413576793082 1.98413619452838 1.98424203086687 1.98624841165604 1.98820177463199 1.99281079799508 1.99289918293865 1.99309208153845 1.06151456157945 1.06704103054376 1.06729882239942 1.0677977703892 1.06806336228922 1.06835015083741 1.0683906485041 1.06872533690716 1.06904421248875 1.06918014291087 1.0692247509901
0 0 0 NA NA NA NA NA NA NA NA NA NA NA NA NA NA NA NA NA NA NA NA NA NA NA NA 0 0 0 0 0 0 0 0 0 0 0 0 0 1.70016979832006 1.70016148745287 1.70014110281229 1.70014343566297 1.70014778163348 0 0 0 1.98385876681596 1.9841217075386 1.98417041401446 1.9860039258818 1.98599176251222 1.98817328765009 1.99286921946004 1.99292147513418 1.99303944922052 1.99319282613662 1.06704523184259 1.06742490450426 1.06742924760872 1.06771130818177 1.06815884476534 1.06801391589072 1.06831257491271 1.0683574120603 1.06901505225145 1.06933491789579
0 0 0 0 NA NA NA NA NA NA NA NA NA NA NA NA NA NA NA NA NA NA NA NA NA NA NA NA NA 0 0 0 0 0 0 0 0 0 0 0 1.70017188096809 1.70014414594186 1.70013655187852 1.70013622964573 1.70015418148083 1.70016924413242 0 0 0 1.9840453388416 1.98415916571995 1.98411666360604 1.9859944402325 1.98621518969795 1.99274697393624 1.9926918622632 1.99281094381245 1.99327890121253 1.99342771346958 1.06699709793729 1.06730722154223 1.06730374185432 1.0673811310323 1.06764983056965 1.06812928855182 1.06797005503233 1.06858109869938 1.06867302552277
0 0 0 0 0 0 NA NA NA NA NA NA NA NA NA NA NA NA NA NA NA NA NA NA NA NA NA NA NA 0 0 0 0 0 0 0 0 0 0 0 0 1.70013742662816 1.70014002938888 1.70014260527514 1.70014558993452 1.70015188444609 0 0 0 0 1.98415206198327 1.98411220285985 1.98585936887425 1.98586943488018 1.9927305763282 1.99285145321089 1.99285730593607 1.99302441430653 1.99324303746614 1.06167063627084 1.06685103065153 1.06719456571635 1.06722451056169 1.06725594185818 1.06730416247262 1.06755001755002 1.06837753638886 1.06905853693487
0 0 0 0 0 0 0 0 NA NA NA NA NA NA NA NA NA NA NA NA NA NA NA NA NA NA NA NA NA 0 0 0 0 0 0 0 0 0 0 0 0 1.70014540542688 1.70014063371985 1.70012418811716 1.70013672770019 1.70013949382917 0 0 1.98364872006986 1.98385354818246 1.98413495419309 1.98409536676232 1.98581570810142 1.99073645150977 1.9926826627759 1.99286012821525 1.99275576475807 1.99280495645567 1.99297572194419 1.99318144343896 1.06159752063711 1.06674966267703 1.06712898549315 1.06713628073461 1.06713339326194 1.06717825135217 1.06756487616343 1.06864666473056
0 0 0 0 0 0 0 0 0 NA NA NA NA NA NA NA NA NA NA NA NA NA NA NA NA NA NA NA 0 0 0 0 0 0 0 0 0 0 0 0 0 2.04298004141703 2.04297166060672 2.04297224170872 2.04296610166918 2.04297322858212 0 2.32639021312692 2.32646156112465 2.32661293728452 2.32678281553756 2.32686257192439 1.98605977796159 1.98594421326838 1.99054533189781 1.99256030166448 1.99279372019987 1.99270906524059 1.99274570426689 1.99291897887643 1.06141665536417 1.06157181571816 1.06667086181192 1.06698568301141 1.06699557143967 1.06703876074659 1.06739508270354 1.06825418611035
0 0 0 0 0 0 0 0 0 0 NA NA NA NA NA NA NA NA NA NA NA NA NA NA NA NA NA NA 0 0 0 0 0 0 0 0 0 0 0 0 0 2.04297651120552 2.04297024614726 2.04295887614755 2.04294959091727 2.04296734981608 2.04297999119643 2.32636247328895 2.32641449951879 2.32647547139864 2.32669117017444 2.32703409371145 2.32855777264306 2.3285158051243 1.99052753519872 1.99240926851014 1.99248480392157 1.99271713339591 1.99266921447049 1.9926883851682 1.99288415090928 1.061373637533 1.06150590418028 1.06657999594786 1.06689189189189 1.0672228774725 1.06725574142056 1.06808978830479
0 0 0 0 0 0 0 0 0 0 0 NA NA NA NA NA NA NA NA NA NA NA NA NA NA NA NA NA 0 0 0 0 0 0 0 0 0 0 0 0 0 0 2.04295605290804 2.04294846119197 2.04294903198504 2.04296141285313 2.0429632882876 2.32633406069149 2.32636920293298 2.32643189393991 2.32675187363329 2.32693445398027 2.32839290066375 2.32848373693053 2.33252562125193 2.3342221665281 1.99235035211268 1.99243233374412 1.99265377003502 1.99262301471305 1.99266236183263 1.06107202647648 1.06132639076555 1.06145279127149 1.06651213617939 1.06649752296667 1.06715124675075 2.34780138562192
0 0 0 0 0 0 0 0 0 0 0 0 NA NA NA NA NA NA NA NA NA NA NA NA NA NA NA NA 0 0 0 0 0 0 0 0 0 0 0 0 0 0 2.04295098372789 2.04294424011288 2.04294860493313 2.04294746611586 2.04294966577155 3.6906511902368 2.32634668972345 2.32647022821851 2.32661107979879 2.32683847437432 2.32819101197688 2.32832587949303 2.33242852821715 2.33242706009369 2.33416602064878 1.99227617291539 1.99236746585934 1.99261267939939 1.99256062154315 1.0607199681782 1.06077761234434 1.06100497378162 2.34027913380873 1.06140519268609 2.34683668903803 3.60248528567327
0 0 0 0 0 0 0 0 0 0 0 0 0 NA NA NA NA NA NA NA NA NA NA NA NA NA NA NA 0 0 0 0 0 0 0 0 0 0 0 0 0 0 2.04294675067299 2.04293056750763 2.04293516508102 2.04293431666436 2.04294237856781 3.69064259056434 2.32637954918991 2.32643204351951 2.32654156239598 2.32670409797531 2.32679772873826 2.32806428065987 2.33198411410011 2.33235097371457 2.33236001995253 2.33409952460771 1.99222661396574 2.3396553448653 2.33973668579361 2.33993352490436 2.34010045195635 2.34230602570819 2.40086369816537 2.41481026309173 3.62949004959644 3.65825115976013
