Reeg_et_al_2021/1c/Res_Heat_0.txt
ncols        150
nrows        150
xllcorner    422552.650093869539
yllcorner    5894367.537926334888
cellsize     20.000000000000
NODATA_value  10
[rows 120 to 149 of 150, columns 0 to 67 of 150]
0 0 0 4.01363205829388 3.96422385769658 7.17292203651705 7.12171767702004 7.07876294679245 7.0404777966058 8.7255053583858 7.00001550471199 8.70139854847674 8.7031024930722 8.68516783056663 8.70641611943855 8.70635804110836 8.68763092403699 8.6492625943893 6.87458334962343 6.86238279508285 6.84977012752743 6.84909313424573 6.84824027658632 6.84769383525528 6.84560695094177 6.84577053521432 6.84568123348958 6.82975304896863 6.79677023548361 6.7507623632973 6.68984300283549 6.59818980725972 5.42333033262741 3.73514985037347 3.70740853271965 3.70720893125097 3.70703164799418 3.70962395686377 3.36974949954736 3.36959346951077 3.36980515584316 3.37008033045651 3.37052052164757 3.37111322102161 3.37173414879411 3.37249125131959 3.37345810849785 3.3746008666895 3.37543018051838 3.37718760504443 3.37660645860922 3.37910853322792 3.3794276242516 3.38087444062183 3.38215087106285 3.38428497601488 0 1.84737419047715 1.8476050406684 1.84679691282097 0 0 0 0 0 0 0 0
0 0 0 5.00946103867344 4.96867102418578 7.2126409774995 8.8355331257782 8.80754912474807 8.78301748649038 8.76305157153313 8.75501631262606 8.7480160890496 8.75332364335226 8.73683947409442 8.71802177489557 8.71002192856958 8.69141499993784 8.65699023680502 8.59353728278763 6.84971709720584 6.84314620697004 6.84873206688472 6.84818344582543 6.84553922334861 6.84552015502783 6.8457006652946 6.84588938601783 6.8461574782679 6.81025557873846 6.75083097609581 6.71069101025989 5.45404021732259 3.79130256458784 3.73383552360735 3.70759191035279 3.7075309510494 3.70745610572717 3.70744481033259 3.70750409419452 3.36986795397607 3.37028195695669 3.37086846750554 3.37154795449839 3.37245694066207 3.37342464793627 3.37460847709801 3.37610842996541 3.37697075635435 3.37633050840289 3.37870036805222 3.38147650262172 3.38527104848004 3.38721325287614 3.38818164376888 0 0 0 0 0 0 0 0 0 0 0 0 0 0
0 0 5.0378571789258 5.00698156781033 8.9603984543892 8.91607883054941 8.85866382170794 8.85062249961389 8.8277434570195 8.79763310479129 8.79743998863812 8.78325218708962 8.76869615876234 8.7471810145988 8.72683880609904 8.71137818000645 8.69433505407711 8.65762195457643 8.59346752170594 6.84573636837785 6.84274671735536 5.52856503788453 5.52809182007757 6.84543055624156 6.8454555935462 6.84563734531236 6.84584790392145 6.84609396319716 6.81951194902517 6.78006796846189 5.57222918954746 5.47250210318523 3.79050587758892 3.73398219066271 3.7077700422577 3.70778237617159 3.70772560706352 3.70787403797327 3.70816757888927 3.7084964876857 3.37098100620039 3.37185657919758 3.37296603823211 3.3741773178916 3.37488570269629 3.3767572436028 3.37897884290949 3.37850597221012 3.38108978393206 3.38472519612759 3.38907666379445 3.395245875362 3.36623205768411 0 0 0 0 0 0 0 0 0 0 0 0 0 0 0
0 0 5.0406886076613 5.00001755684803 8.94956294718377 8.90438576897575 8.86554986018607 8.84691412749691 8.83132712515306 8.80585341774967 8.80567772714692 7.64004379106551 7.62197477205576 7.60931022085778 7.59355297196604 7.56979790144479 8.69060047386495 7.48613472256357 7.43553225504281 5.54029927521833 5.52827272473528 5.52744297861922 5.52396282706034 6.83849743643877 6.84384080131056 6.84524338322339 6.84575842187111 6.84603174767317 6.8301775624701 5.66551622448404 5.59732107251505 5.4876884769137 3.7913300103258 3.7342658712658 3.72903553086295 3.70803420310316 3.7081344905718 3.70836622166951 3.70876855938198 3.70974173951661 3.7107116359358 3.3726335953964 3.37405727329637 3.37578726933402 3.3755459431835 3.37794873223228 3.38084667163798 3.38446772184734 3.38853698232207 3.3945610774186 3.40177125026921 0 0 0 0 0 0 0 0 0 0 0 0 0 0 0 0 0
0 5.07684482188107 5.03544331277946 5.00758544052076 8.96334089649502 8.92244275365732 8.87293551586823 8.87671245587536 8.84605448798358 8.82169713011144 8.79948669379927 8.79139834972386 7.63402893632844 7.61577299036984 7.59750987480711 7.57225185846385 7.53261262835747 7.4756991824499 7.42984611151443 7.4184901095133 5.53191782713786 5.52733385755529 5.52393885680539 5.52607753746399 6.83760595877336 6.8377242521963 6.84010633188325 5.71771153499304 5.71806250004277 5.67939997546669 5.57750190454088 3.82081929281728 3.7906235939157 3.76220918864562 3.72855509835447 3.70777972171129 3.70817261868508 3.7083608366913 3.70904992926592 3.71032289638784 3.71211919695413 3.711422034275 1.5213686025205 3.3765837944419 3.37955577313678 3.38320084360345 3.38824377317135 3.39427113612781 3.36606396529068 3.36807818449856 0 0 0 0 0 0 0 0 0 0 0 0 0 0 0 0 0 0
0 0 5.0554975151403 5.01201679606614 8.99222562170613 8.94845623847527 8.90334342956136 8.89406477287972 8.85069873389419 8.82218843697465 8.80572216773499 7.65753396225356 7.63896410367355 7.61706364375579 7.59949374897767 0 7.52952904083792 7.46467480484775 7.44208670823875 5.55398846356291 5.54103855096758 5.5266885378885 5.52627187114791 5.52602434166598 5.52602775724895 5.52621121672049 5.52649323108573 6.8403282664308 5.52720592328477 4.1112913628802 3.97396856783021 3.81344074270597 3.79552304828196 3.76626413312119 3.7330275885154 3.70607397057502 3.70651733820488 3.70720595362216 3.70820882619321 3.70963095105639 3.71174305329234 3.71453837038179 1.5358125853556 3.38064461500627 3.38539705801507 3.36408028668716 0 0 0 0 0 0 0 0 0 0 0 0 0 0 0 0 0 0 0 0 0 0
0 0 0 5.03769912406099 5.01253884198105 8.97407501647826 8.92004147501211 8.88277725606698 8.85600298477913 8.82513179005363 0 7.66010219321671 7.64147696182242 7.61769678276014 7.59849796212755 7.56757544262971 7.51893396403005 7.46249554772908 7.44771373396932 5.55373962904477 5.53858692177646 5.52771701006032 5.526550652545 5.52589717665448 5.52591780740087 5.52614330137718 5.52642465848898 5.52678286947358 5.52714799355163 5.50822934523947 5.37131332234733 3.80911907531415 3.77962014662829 3.76901113583733 3.71692491789237 3.6955652389518 3.69506352603917 3.70793166835512 3.69573957625493 3.69599407776792 3.69642759572043 1.50874676590168 1.51028586220548 1.51076003415884 0 0 0 0 0 0 0 0 0 0 0 0 0 0 0 0 0 0 0 0 0 0 0 0
0 0 0 5.04865698946892 5.01148990899095 0 8.92537015689491 8.89113744134099 8.85018203487687 8.81838025286873 8.79781232441013 8.7930817358171 7.63743877627686 7.62029351894518 7.59965033866493 7.56211989090342 7.5189475386888 7.48387170935908 7.43804264535092 5.55075569576167 7.08340242674874 5.52752557966458 8.59270438408468 5.52620248486338 5.52627304619801 5.52606232940237 5.526364916043 5.52670675314248 5.52710002732284 5.52753991867537 5.39840895171236 5.28239464508424 5.21186470586867 3.74744801914872 3.71453116948867 3.6928983999582 3.69302216251274 3.69236867206437 3.69256244616024 3.69695380803615 3.69281459106183 1.50296934537091 1.50292572768899 1.50363350967967 0 0 0 0 0 0 0 0 0 0 0 0 0 0 0 0 0 0 0 0 0 0 0 0
9.33997003019124 5.1698755156919 5.08234499949543 5.05889521066519 0 0 0 4.94164319442953 8.85195523875334 8.81598630723728 8.78906867480357 7.65216876147797 7.6388379618548 7.62135039826483 7.60546847058203 9.03143598743393 8.98878077326126 10.447032431366 8.64087837811905 8.61653665405239 8.60411483408274 8.59353197382625 8.59287845126276 8.59233946694848 8.59253475181865 8.59279367970791 8.59310459573224 8.59306937910736 5.5270666759473 5.52751243020462 5.3713165653282 5.25407753113116 5.21077363167659 5.18934502072362 3.71474189255817 3.69292928530031 3.69312324858298 3.69328799215788 3.69270610497976 3.69311926827954 1.50417167099741 1.50420043830661 1.50441459338442 0 0 0 0 0 0 0 0 0 0 0 0 0 0 0 0 0 0 0 0 0 0 0 0 0
5.20383176242577 5.17093154779487 5.10233770289344 0 0 0 0 0 0 0 8.78689913782811 7.63693126416285 7.63974743877686 7.33304040951239 9.08064127500492 8.76042258841224 8.73693416117919 8.72797252611599 8.66779875335962 8.65666899936223 8.63136175689962 8.62469654505064 8.62091524234639 8.60827015916369 8.59279399460083 8.59304831706329 8.59338054395169 8.59377723694368 8.59343098103358 8.59391904418402 5.39905451566985 5.22686943805909 5.21787215862801 5.18957709023022 5.16109803192541 3.69298091985095 3.69319329120657 3.69340723015677 3.69385814356099 3.69331265651616 1.50462804077925 1.50620301900629 0 0 0 0 0 0 0 0 0 0 0 0 0 0 0 0 0 0 0 0 0 0 0 0 0 0
4.25077065985564 5.15942794652333 0 0 0 0 0 4.93336898097692 0 0 8.78573950579517 9.12021731297466 9.12505338766319 10.5804435158403 8.8288057329992 8.77912381787164 8.77996875527683 8.75754241192404 8.71413039610212 8.69669782460506 8.70213149771657 8.67435504700143 8.66898220101158 8.6483138740996 8.63592610502133 8.6087027773357 8.59329312458984 8.59366999118865 8.59413897888741 8.59423326131064 8.43082261105824 8.2803757886787 5.21800391742332 5.18976809807754 5.16128164276291 5.16290393724466 3.69325939966801 3.69350447201346 3.69402915704893 1.50556888571234 1.50509252856076 1.50689699431479 0 0 0 0 NA 0 0 0 0 0 0 0 0 0 0 0 0 0 0 0 0 0 0 0 0 0
7.71413289947466 4.1571453904885 0 0 0 0 4.93749476840392 4.91993478566943 0 0 10.2670009118207 9.13480402717607 10.6012244607815 8.86055177551216 8.85586731041363 8.82739488194378 8.8132148842698 8.80950776636222 8.76767579325955 8.75877543994701 8.7470708645415 8.7399810963887 8.72611651085185 8.71246698136013 8.69650034412863 8.66815765155658 8.63786273957155 8.61079045701606 8.59413485359369 8.57537177465604 8.38026920038993 8.27908880213582 8.27438956646327 5.1899212655527 5.1863262801125 5.14298007234863 3.69330081347494 3.69373066317221 1.50482292782239 1.50598027574079 1.5054675481269 0 0 0 0 NA NA NA NA 0 0 0 0 0 0 0 0 0 0 0 0 0 0 0 0 0 0 0
7.6011087932969 4.11831524992571 0 0 0 4.96640890205182 8.86986775036833 8.84169152446927 4.90536261844154 10.2873627835171 9.1404029224149 10.6136367796411 10.6125626820647 8.87925329925755 8.86713947413338 8.83895534100793 8.82667691365106 8.80989968019931 8.80294883193004 8.78168686347008 8.76887259158043 8.76511165747528 8.76306485776718 8.74919898279192 8.72868470139687 8.71519626796504 8.69795238949442 8.66928294505983 8.62685944410121 8.57476311135631 8.36872559778015 8.27899756072562 8.27504984339227 8.24604747570426 5.16169839487985 5.14302588250158 5.14391825522332 1.50412958025062 1.50495062506566 1.50618597782518 1.50818066276078 0 0 0 0 NA NA NA NA NA NA 0 0 0 0 0 0 0 0 0 0 0 0 0 0 0 NA NA
4.04168731075835 4.02084952609426 0 0 4.93661971803458 8.85933586256941 8.83832454745168 8.83469987962191 10.282783631492 10.2777304804648 10.6219178088745 10.6180811444482 10.6110336209389 8.87937105599235 8.87710176807794 8.85195961516499 8.83280645802172 8.82830623147535 8.81916825888775 8.80743915251192 8.79309068905875 8.78865112652767 8.78840556638649 8.78797746988796 8.77560070321418 8.75385910512968 8.73276892562724 8.71678099635281 8.68125860436612 8.61050284898552 8.37205776600043 8.27833650965665 8.27115479247033 8.24149495860591 8.21601864859102 5.14302789865657 5.14393493464454 1.504152439696 1.50498494505038 1.50623759099934 0 0 0 0 0 NA NA NA NA NA NA NA NA 0 0 0 0 0 0 0 0 0 0 0 NA NA NA NA
3.9896023376216 3.95068077335555 0 0 4.8947617024879 8.80198126260046 8.80596401657646 8.80616000498327 10.2807976026822 10.2729323219328 10.6212018190593 10.6131720498995 8.88652015372152 8.88647382002504 8.88668374957142 8.8651934754411 8.84828830571158 8.85007981816837 8.83443361030343 8.82753553039442 8.82172488514333 8.81631476411095 12.2043971639413 8.81799979935008 8.80358685660049 8.79163155311574 8.77789931045 8.74186197244901 8.7046945868561 8.61438392009577 8.45502416207954 8.27832433960901 8.25857748540606 8.24253736971047 8.21672649769078 5.14300477687546 5.14387551063217 5.14519374729648 1.50499345307025 1.50621825727714 1.50825221908412 0 0 0 0 0 NA NA NA NA NA NA NA NA NA NA NA NA 0 NA NA NA NA NA NA NA NA NA
3.95214994864307 3.92882561376431 0 0 3.85332254571992 3.87029852039235 7.09228211260937 10.2682777056056 10.2632479799762 10.0879848856673 8.88890752456737 8.89508110533847 8.89439693498141 8.89200220199948 8.88241160734648 8.85451891556416 8.852757510924 10.0567568803326 8.83730952273432 12.2190812827053 12.2205018899306 12.2191161872546 12.2188383674217 12.2161541611925 12.2112512306671 12.2084344079898 8.80751585479894 8.79147802446822 8.72861176616488 8.63362617600304 8.43915774147189 8.34420054045884 8.25847683263398 8.24557060462897 8.21738948483861 8.19694178005028 5.14382462356345 5.14510820363541 1.50490569007582 1.50612767471363 1.50825424851026 1.51201336245664 0 0 0 NA NA NA NA NA NA NA NA NA NA NA NA NA NA NA NA NA NA NA NA NA NA NA
3.93361426325861 0 0 0 3.85159609473353 3.86099654857309 7.10333265151342 8.5913529600295 8.60947486106485 8.90835805998182 8.90360744647731 8.8955023884477 8.89262267970452 8.88506946819871 10.0742235447631 10.0549990552763 10.0592867448435 10.0665746281943 13.3206203865597 13.3190589373204 13.3209873021447 12.2396347461249 12.2391475977824 12.2371208238422 12.2307077645391 12.2200963327247 12.213232738692 8.81655492779083 8.76929131808464 8.6700803464678 8.46023825313448 8.39150088206177 8.29476842828811 8.25289130792652 8.22136388514635 8.19761116236965 5.14372944066551 5.14500723140041 1.50485262334523 1.50604811695182 1.50808239223992 0 0 0 0 0 NA NA NA 0 0 NA NA NA NA NA NA NA NA NA NA NA NA NA NA NA NA NA
3.9137002703361 0 0 0 3.84053099174654 7.05452147893255 8.56423815729074 8.57465635426565 10.079917675541 8.9040698872346 8.89702512778788 8.89300866883624 8.88976870144898 10.0767238084459 10.0668442226251 10.0607688417718 10.0717377965375 10.0833918774195 13.3326672140916 13.3411951143328 13.3453363712999 13.3494750950888 12.267396661806 12.2612845390023 12.2534975980915 12.2390422635639 12.2265667478251 12.1884393898948 8.7643396419203 8.69723963990625 8.51491631973406 8.39831987563782 8.32890477986219 8.24537148855946 8.22136143283004 8.19757988722266 8.19757220170355 5.14482686266747 1.50475017146341 1.505967522817 1.50789805535276 1.51111733931241 0 0 0 0 NA NA NA 0 0 0 0 0 NA NA NA NA NA NA NA NA NA NA NA NA NA NA
3.90093166835901 3.8723338937632 3.84910828782876 3.83779097316714 3.83548135870051 7.04022630843551 8.5623533921768 8.57901441108563 10.0908423177287 8.89894680176854 8.89173596402739 8.88506142803139 8.87888798327911 10.0696216985386 10.0690342993952 10.0696986841943 13.3410442299699 13.3512752179212 13.3521184272946 13.3650586625437 13.3756184590822 13.380618877657 12.2965542377671 12.288337801414 12.2751249984667 12.2583380469664 12.2300207177411 12.1802045065999 12.1491931688206 8.68945424387263 8.57426474727073 8.4606394450505 8.37407844413026 8.2927069066949 8.2021013835308 8.20276610103779 8.19843780989442 5.14481186970377 2.36103451899365 1.50587846971174 1.50787775932212 1.51108485972445 0 0 0 0 NA NA NA NA 0 0 0 0 0 0 0 0 0 0 0 NA 0 0 NA 0 0 0
3.89132889135108 3.86074422950451 3.83684049316653 3.83361485044183 7.02007804666554 7.04359940198442 8.55349411153632 8.59875409148918 8.89767609241001 8.88870664076977 8.8839967811015 8.87397449678652 8.87082667836365 10.0693670549095 10.0632516306488 13.3287208469143 13.3600281811276 13.3696035886283 13.3819410291496 13.3968485337862 13.4096699662082 13.4059328478328 12.3218313968478 12.3113468990346 12.2922951873371 12.268926438766 12.223945730985 12.188229235169 12.1562479849781 8.66413977559638 8.60896257447046 8.51779798850765 8.39455309517511 8.30084919025451 8.20209787596201 8.20284941666685 8.19835965988175 5.14486738804269 5.14678858695517 1.50592873739181 1.50787681124537 1.5112755400889 0 0 0 0 NA NA NA NA 0 0 0 0 0 0 0 0 0 0 0 0 0 0 0 0 0 0
7.10475205734134 7.05878419820543 3.84032496032167 7.01960512089894 7.01653393577212 7.05266622822925 8.57565865295254 7.36655380110674 8.88791063748753 8.88025264509967 8.8699791195049 10.0592053954549 10.0507891090958 10.0413972525959 10.0596340063904 13.3273967909672 13.3557539088373 13.3652314645573 13.391503743816 13.4297527043974 13.4407333583295 13.4355932438304 13.4284006093676 0 12.3046894336525 13.3456499253421 12.2146926149856 12.1914861303378 12.1417416503314 8.65553726520698 8.61556032581769 8.55799596685646 8.44138716529928 8.32411185881808 8.25430322401213 8.20286330621764 8.20412240916746 5.14487874757495 2.36106615574065 2.36201854829705 1.50799555327518 1.51132147274284 0 0 0 0 NA NA NA NA 0 0 0 0 0 0 0 0 0 0 0 0 0 0 0 0 0 0
5.79350725122886 5.74273113517864 5.71682014619826 7.01485287958584 5.72723899437586 5.76821876270159 7.34947296671347 7.36758307225503 8.8714304257123 8.86934636023504 10.0446455645527 10.034058141356 10.0270338298366 10.033708210316 10.050878567369 13.3305553068803 13.3270565828783 13.372186496131 13.3924367123582 13.4308043591333 13.4615631099587 0 0 0 0 13.3435345906594 13.2994489460379 13.2653980790019 13.2026851824834 12.0572900555838 8.6159887218743 8.59515729043254 8.47879681262285 8.30859131054729 8.25729805038277 8.20290032744495 8.20426293342782 5.14497797660919 2.36111375041455 2.36209208987462 1.50806103974481 1.51163648647447 0 0 0 0 NA NA NA NA 0 0 0 0 0 0 0 0 0 0 0 0 0 0 0 0 0 0
5.82617624226594 5.76670173065059 5.73427075352629 5.73120873871396 5.76470955466684 7.32686645128928 7.35740111929569 8.87010018982384 8.86670647497062 8.85144788784356 10.0429007634956 10.024125053732 10.0347451026757 10.0340534183161 13.3148260958975 13.327677355802 13.3323570880421 13.3396428191527 13.3792435245517 13.4110237759608 0 0 0 0 0 0 13.2892578866926 13.245285434017 13.1812238822584 13.1362578003743 8.61578111214049 8.59581030673875 8.48626175964121 8.32991562178216 8.25752734136981 8.20983145323101 8.20446044975121 8.19925560193651 2.36117505155995 2.36219047918869 1.50827470242046 1.51205263012513 0 0 0 NA NA NA NA NA 0 0 0 0 0 0 0 0 0 0 0 0 0 0 0 0 0 0
5.86170020577359 5.79465188889055 5.75393756691404 5.76876241613826 5.7784500486236 5.81185970759929 7.35011758929499 7.34990085653611 8.86283238873372 8.84885302551031 10.0425613710189 10.0259747306841 10.0288659605025 10.0417890092348 11.70961027403 13.325628379239 13.3417414762218 13.3568982366152 13.4028495617809 13.4310711481989 0 0 0 0 0 0 13.2846094809251 13.2137942551985 13.1650637121197 9.84642117154044 8.61516117369395 8.59513907629938 8.52050428561057 8.38262385658132 8.25773285986368 8.20990921397084 8.20464770936282 5.14625848626539 2.3612404151207 2.36229128016898 1.50841384009204 0 0 0 0 NA NA NA NA NA 0 0 0 0 0 0 0 0 0 0 0 0 0 0 0 0 0 0
5.89685907742396 5.79749081679668 5.78916368998217 5.77820036713247 5.79465202036609 5.8080750646002 7.34878854064915 7.34825954511573 10.0597082894493 10.0401148055761 10.0324754008057 10.0284052702104 10.0285254265868 10.0454761185334 10.0693295809015 13.341900117453 13.3523231178322 13.3793241097847 7.65543726712613 7.66108539582296 0 0 0 13.3645047641996 13.3378042267463 13.3046891745913 13.2418942088536 13.1994427824399 13.1568148580849 9.84780606958018 8.61737927172823 8.59768941150464 8.51782989938281 8.38308631375699 8.28912113645633 8.21028892071358 8.20513732172733 5.14547910573668 2.36133278702619 2.36241614812927 1.50862426785961 0 0 0 0 NA NA NA NA NA 0 0 0 0 0 0 0 0 0 0 0 0 0 0 0 0 0 0
5.91633752690421 5.85170649262529 5.80288601437412 5.8019943026963 5.81099638981003 5.84025373436569 7.36711102504098 8.59365785904399 10.0618369893088 10.0638552760166 10.045872705711 10.0389209453289 10.0500941244237 10.0710027241333 10.0963714559029 7.62392129171492 7.62910334606216 13.4016912964995 7.65368249711493 7.67434835569733 7.68465310839176 0 13.4138097473844 13.3737968318653 13.3493852541501 13.3174744779633 13.2328862224722 13.2003448877239 13.1610001650121 9.86800116001218 9.86244495172318 8.61386314705525 8.53552127377862 8.41134219912553 8.29413909860362 8.26681417788295 8.2068907368545 4.08177826581859 2.36179519557358 2.36298218961463 2.36496807645923 0 0 0 0 NA NA NA NA NA NA 0 0 0 0 0 0 0 0 0 0 0 0 0 0 0 0 0
5.95652101200927 5.87063632535469 5.84017330798922 5.82821349406754 5.84488211088788 5.8628526965357 7.40074574532678 8.62637416772227 10.1076302424201 10.0889542163903 10.0868628052793 10.0580015493734 10.0813079277503 10.105429417727 5.67855069573317 11.7776804910771 7.64499348754919 7.65396535276755 7.67624176711053 7.68968533757926 7.69570074370557 7.66955986988501 13.4254009562451 13.3878697294002 13.3371395265556 13.2869028447237 13.2346101504265 13.2140064807754 9.90328465921866 9.89795517841323 8.65922040696178 8.62753790493566 8.56896742999237 8.41860770422806 8.2755340868141 8.22023826291068 8.20952794013309 2.36159773728326 2.36251594970303 2.36390971023655 1.51109275030719 0 0 0 0 NA NA NA NA NA NA 0 0 0 0 0 0 0 0 0 0 0 0 0 0 0 0 0
5.9984576156787 5.91262198674608 5.86244460703812 5.88827472398411 5.88832439583203 5.90371779443116 7.43896888854196 8.65907437476406 10.141579377745 10.1190645988821 10.1246970981418 10.1059482924474 10.1158273797083 10.1426788198554 10.171174926898 10.1820762283697 11.8315024698154 7.66819799572616 7.68631854659112 7.6875229738603 7.69622123168618 7.68490429158855 13.436290583174 13.3855858609527 13.3501779140525 10.0186507328062 9.98606644401101 9.96026713087807 9.93740466387323 9.9322278871024 8.68585784686705 8.66009892220279 8.57927997189418 8.46297246559364 8.32188763300734 8.22046155751479 8.2139046247025 3.69536365938088 2.36340548737118 2.36503539743908 1.51320941309437 0 0 0 0 NA NA NA NA NA 0 0 0 0 0 0 0 0 0 0 0 0 0 0 0 0 0 0
6.06730143833339 5.9706430888807 5.91846786575176 5.93811527107738 5.94497822044631 5.95531799034508 7.21520144006338 8.70365226177092 8.70507780640264 10.1698662155342 10.1820949690268 10.1676111947197 10.1559270628819 10.1774791378214 10.2099791922314 10.2133530233686 10.2053527106322 10.2164421662465 10.2621679582264 6.75222898522835 7.70385058908066 11.9020663395157 10.2042649446662 10.1395431540284 10.0816060876799 10.0478434241608 10.0133157323396 9.98452627186669 9.97805429206247 9.95921882031122 8.73281331537509 8.70510191621315 8.62141851849146 8.49690979663819 8.36320401400795 8.22636823788178 5.15024171403301 2.36334686112906 2.36463057437036 2.36658297260379 1.51582504201071 0 0 0 0 0 NA NA NA NA 0 0 0 0 0 0 0 0 0 0 0 0 0 0 0 0 0 0
6.17617714791895 6.07123460695428 6.01166130178393 6.00073217133414 6.01038692889417 6.03907473281693 6.0465765729741 8.77634510126766 8.77715477553464 10.26307133574 10.2442925436988 10.2655801418754 10.2420867897911 10.2739113353639 10.2881454729132 10.2577342594675 10.2676581226456 10.3283958448409 10.3343390997264 5.81397700453521 5.79353118595652 10.2872973439363 10.221536008381 10.1375930453598 10.117334366872 10.101307389956 10.0532007898888 10.0457219752422 10.0400564965337 8.80264985237113 8.79858625450891 8.76110814043824 8.66860446149475 8.51182562375347 8.33513141901969 8.22335266304759 5.15255381142833 2.3651751964576 2.36692429118771 2.36964326399706 1.52157182643661 1.53222629803786 0 0 0 NA NA NA NA NA 0 0 0 0 0 0 0 0 0 0 0 0 0 0 0 0 0 0
