Reeg_et_al_2021/1c/Res_Heat_0.txt
ncols        150
nrows        150
xllcorner    422552.650093869539
yllcorner    5894367.537926334888
cellsize     20.000000000000
NODATA_value  10
[rows 90 to 119 of 150, columns 0 to 67 of 150]
0 0 0 0 0 0 0 0 0 0 0 0 0 0 0 0 0 0 0 0 0 0 0 0 0 0 0 0 0 0 0 0 0 0 3.75590881617926 3.75628355335943 3.76274924550122 3.78224526589697 3.88548091750603 3.93317729249871 0 0 0 0 0 0 0 0 5.29924682684538 5.24011779404443 5.20892890353905 5.19120728471559 5.17611435902948 5.164558636499 5.16055528782258 5.15756339921735 5.15542823747059 5.18085720910438 5.21120126100279 5.23479251392949 6.8086429589645 6.83534212427573 6.87697486800992 6.91169562741991 6.94647426418925 6.98578758984703 6.99978278727795 7.00019523807669
0 0 0 0 0 0 0 0 0 0 0 0 0 0 0 0 0 0 0 0 0 0 0 0 0 0 0 0 0 0 0 0 3.75681235136077 3.75560473400953 3.75491240377492 3.75519472545689 3.75951135572058 3.77566484074419 3.83122337233341 3.92969165908791 4.01524798280976 4.20960215194138 0 0 0 0 0 0 5.30944227235787 5.25313413518904 5.21638335957241 5.19594982323034 5.17947200192437 5.16689696162638 5.16171676200478 5.15835702409103 5.15631643919295 5.15442759908578 5.15329249625284 5.15267820376223 5.15223154870735 6.69563516885606 6.72072957716482 6.72633889808462 6.75324920919395 6.78608157158806 6.81533423930093 6.79724704263235
0 0 0 0 0 0 0 0 0 0 0 0 0 0 0 0 0 0 0 0 0 0 0 0 0 0 0 0 0 0 0 0 3.75666786745277 3.75501539544618 3.75437413260203 3.75414329498624 3.75752911127649 3.77472548242743 0 3.89482480946974 4.15900409904293 0 0 0 0 0 0 0 0 5.27678841273868 5.23324717922527 5.20442002213245 0 5.17493133197645 3.72442065819979 3.71979679158919 5.15673912282173 3.71362573712135 3.71190196182637 3.71096052480553 3.71054917709252 3.71056967508778 5.15548101219115 6.69350045863285 6.69359976258224 6.69370326830462 6.72704161264172 6.71625673604874
0 0 0 0 0 0 0 0 0 0 0 0 0 0 0 0 0 0 0 0 0 0 0 0 0 0 0 0 0 0 0 3.78451536615953 3.75878600885102 3.75480324477585 3.753972905119 3.75401093723744 0 0 0 0 0 0 0 0 0 0 0 0 0 0 0 0 0 0 2.87566642363643 3.72194456533771 3.71767205171656 3.71474912451136 3.71266656730975 3.71143965873671 5.1526449128171 5.15369197319043 5.15361302401069 5.15430622889247 5.15435143257707 6.69472540012304 6.69402795566605 6.68311854210013
0 0 0 0 0 0 0 0 0 0 0 0 0 0 0 0 0 0 0 0 0 0 0 0 0 0 0 0 0 0 0 0 3.77565755740479 3.76907003819079 3.7653052132501 0 0 0 0 0 0 0 0 0 0 0 0 0 0 0 0 0 0 0 2.87944884677178 2.87142526839389 3.71921729785124 3.7156782841209 3.7137503239856 5.15500932458263 5.15433045113499 5.15398976538351 5.1532634460987 5.150955770526 5.15012319943433 5.15350990073582 5.15323402357133 6.51755280002653
0 0 0 0 0 0 0 0 0 0 0 0 0 0 0 0 0 0 0 0 0 0 0 0 0 0 0 0 0 0 0 0 0 3.79393226934567 3.79361664307806 3.77553481468017 0 0 0 0 0 0 0 0 0 0 0 0 0 0 0 0 0 0 0 2.87236736921398 2.86649504014601 3.7187277628523 5.1569870694282 5.15549970467092 5.15454373001902 5.15418552331518 5.15266180965676 5.15131198656794 6.52336183332548 6.52306478171836 6.52260720894041 6.51696754031483
0 0 0 0 0 0 0 0 0 0 0 0 0 0 0 0 0 0 0 0 0 0 0 0 0 0 0 0 0 0 0 0 0 3.85976276921919 3.09939168475576 0 0 0 3.41071561041351 3.71986126698777 0 0 0 0 0 0 0 0 0 0 0 0 0 0 0 0 3.72267121692114 5.15936815916163 5.15722090791816 5.15563040117736 5.15470870498432 5.15438788638306 5.15240632783164 6.52303933421253 6.52235273892538 6.52177662140741 6.52157446952263 6.52015617795251
0 0 0 0 0 0 0 0 0 0 0 0 0 0 0 0 0 0 0 0 0 0 0 0 0 0 0 0 0 0 0 0 0 0 3.10400156244816 0 0 3.16153417703093 3.10174684331177 0 2.98727454409007 0 0 0 0 0 0 0 0 0 0 0 0 0 0 0 3.72202765698268 5.15934053891064 5.15717071187323 5.15563872022666 5.15497030768851 5.1539923757045 6.52488987450317 6.52204966126087 6.52110284457789 6.52049760153979 6.52030049421809 6.51379746708866
0 0 0 0 0 0 0 0 0 0 0 0 0 0 0 0 0 0 0 0 0 0 0 0 0 0 0 0 0 0 0 0 0 0 0 0 0 2.94950440192047 0 2.88304646728472 2.85457047171805 0 0 0 0 0 0 0 0 0 0 0 0 0 0 0 0 5.15879231967401 5.156976455591 5.15560953008156 5.15489235592602 6.5259236407119 6.52354258860916 6.52099736158193 6.52004505246859 6.51938069955077 6.51812875336568 3.55183393142477
0 0 0 0 0 0 0 0 0 0 0 0 0 0 0 0 0 0 0 0 0 0 0 0 0 0 0 0 0 0 0 0 0 0 0 0 0 0 0 0 0 0 0 0 0 0 0 0 0 0 0 0 0 0 0 0 5.15985768705558 5.1579443207054 5.15642609885359 5.15542109328242 5.15446504389591 6.5254095617818 6.52269624936955 6.51991862178827 6.51905187981023 6.51855857763908 6.51761754509568 3.55174782132033
6.07786017771949 0 0 5.82965644816634 5.78794945973625 0 0 0 0 0 0 3.09053791957892 0 0 0 0 0 0 0 0 0 0 0 0 0 0 0 0 0 0 0 0 0 0 0 0 0 0 0 0 0 0 0 0 0 0 0 0 0 0 0 0 5.17254438895486 5.16891027972194 3.7224896652751 5.16006827347353 5.15845910814375 5.15705889444345 5.1560030818771 5.15537476612208 5.15403610147755 6.52442335125619 6.52175836755678 6.51918758673272 6.51832884810482 6.51807389962577 6.51723909022232 3.55170388833563
6.03535641363631 5.9322577713985 5.84206552622255 5.79015910862882 5.78025438944198 5.7461303854462 5.74205195548195 3.06991794331007 5.72905613322886 5.72966143232468 3.06885242059934 5.73037907889515 3.08466244964179 3.09473292026254 3.11773648614387 0 0 0 0 0 0 0 0 0 0 0 0 0 0 0 0 0 0 0 0 0 0 0 0 0 0 0 0 0 5.18331026050598 5.18109835811874 0 0 5.17600724612729 5.17441510343755 5.17249779964416 5.16868659269541 5.1669520049026 5.16497136936515 3.71934267875396 5.15823942829135 5.15713671503921 5.15626034069345 5.15562312478588 5.1551860155756 6.52564197468241 6.52340326434767 6.52085842272824 6.51843119620195 6.51798622309642 6.51695415345198 6.51695930288699 3.55167181595764
6.01353469012943 5.91484999780784 5.8193669163711 5.76640429394915 5.72859074907615 5.7153102217929 5.7105517037688 5.71160940542539 5.71516681549852 5.71510216836425 5.72767853247392 5.72908031082735 5.71928225339217 0 3.07437689692714 3.09507271711725 0 0 0 0 0 0 0 0 0 0 0 0 0 0 0 0 0 0 0 0 0 0 0 0 0 5.17909193443518 5.17685815521809 5.17485343141028 5.17319538878942 5.1720627099426 5.17104625060402 5.1697465591274 5.16865922462853 5.16759318500447 5.16630559268699 5.16374313290982 5.16422027454178 5.16097861985433 3.71652409147157 5.15660161153968 5.15581446804017 5.15536526285008 5.15508754181356 5.1529247369504 6.5237043443456 6.52200046356466 6.51992598074423 6.51825675994615 6.51780955072805 6.51677167283772 3.55386056082619 3.55168231603508
5.99256402886587 5.88877361965845 5.79168073152099 5.75168062866698 5.69056942895677 5.67317264603963 5.67514592398315 5.66534671693712 5.66880596294129 5.6682029290598 5.67855472467916 5.69859927467049 5.70922559589132 0 0 0 0 0 0 0 0 7.41123631411272 7.42180347614582 7.34122279316997 0 0 0 0 0 0 0 0 0 0 0 0 0 0 5.17905454879078 5.17542075108045 5.17250500093655 5.17057583644717 5.1692819888333 5.16790583395474 4.60498229960195 5.16593984053159 5.16523781085997 5.16452746606547 5.16377641853509 5.16304422307037 5.16097882422921 5.16013689200901 5.15931079976547 3.71479356655553 3.71439414885258 5.15516409399197 5.15440666204143 5.15345896333392 5.15243954996558 5.15062999371154 6.52189070272918 6.52043102504012 6.51835355748255 6.51789872948331 6.51795954343859 3.55388838766667 3.55381852604148 3.55168002874719
6.01202969600698 5.89568527841609 5.82781069174365 5.74886686225416 5.69106455244477 5.67514993339683 5.66282861104197 5.66266682047587 5.65113241843021 5.64117963462412 5.64852130190665 5.66191301299272 5.68367403840595 5.68124456281204 5.68148423075944 5.68592074010708 5.70624758820745 0 0 7.48550672132885 7.39569801417626 7.3372827743232 7.34687728781984 7.36637140912928 7.2978668180859 0 0 0 0 0 0 0 0 0 0 0 5.17758864796923 5.17381308298502 5.1707530841299 5.16840138275345 5.16646043567939 5.16489026726301 5.16400311160074 5.16319281208721 4.60145102770281 4.60098913589727 4.60055798010334 4.60024926971338 5.16049189968435 5.15997793627314 5.15846108991633 5.15796904443825 5.15713846932711 3.71331371509909 3.71326929785105 5.15399135157316 5.15314725954252 5.15211957931207 5.15054999633308 6.52251825496613 6.52080605810585 6.51953299760747 6.51804297944259 6.51784162385535 6.5169160271311 3.55392662948513 3.55165903194803 3.55176288872456
6.04274985960429 5.94582906409301 5.87205800912478 5.7944203330113 5.742849487203 5.71899726491479 5.69171628377262 5.6986279955628 5.67252031034123 5.66665342161231 5.67381449952739 5.64464722885171 5.66816620254971 5.67081967977629 5.66175907558053 5.65821867350589 5.66733304892399 5.65902335897427 5.63860732457181 5.54526750430327 7.42893636953874 7.34552379822776 7.29844274156517 7.31143861245605 7.32755568988744 0 7.15960696162728 7.15569613681831 0 0 0 0 0 0 7.10069256567605 5.17400506333444 5.17035961197583 5.16741952992187 5.16534065493282 5.16361711912265 5.16231988492271 5.16127823735101 5.16055766035786 5.15983292898227 4.59913653815543 4.59899466755006 4.59878043771495 4.59847064668781 4.59827043401844 4.59729682539034 4.59717553375769 5.15532043883293 3.71242025434706 3.71269417881064 5.15407056852408 5.15368838822285 5.15222882828435 5.15103339306442 5.14924381643166 6.52178150169898 6.52035700843095 6.51928372040873 6.51838314809152 6.51711847216747 6.51702320937427 3.55419995152962 3.55176613424004 3.5519051438175
6.08010513764374 5.98065589174408 5.8920654093064 5.82110058715432 5.76182497310578 5.73065750737617 5.70806642439087 5.69767103631757 5.68595523755631 5.69131204075408 5.68509127144656 5.66454935527771 5.68026289290654 5.66940120003997 5.63529605002588 5.64262195331346 5.64863478910522 5.61008813836857 5.57630832064221 5.51939293313441 7.3819964793194 7.36623800028174 7.313072344304 7.27592964804653 7.27022066883662 7.267514405147 7.18473761180403 7.14245965213866 0 0 0 0 0 7.0968265362655 7.09422439049202 7.09158048198322 5.16523307976017 5.1631485627753 5.16175405161819 5.16057809016926 5.15954983733943 5.15897385653107 5.15856991399983 5.15823587324053 4.5979255977591 4.59776343604843 4.59763559542336 4.59750753420478 4.5974009598953 4.59658502674901 4.59646262303348 4.5949509947496 3.37331934657688 3.37333919263846 4.59451805757098 4.59438283950372 4.59300869057103 4.59140250116092 5.14819576082411 4.58923549274867 5.82670348327874 5.82544162946005 5.82512947059257 5.82416761537956 3.55428979280099 3.13860557106131 3.13635080430837 3.13649824959821
6.13671603979497 6.03044228098879 5.94130306470137 5.85603424216241 5.7966832076084 5.75420038803774 5.72894434383373 5.70327853222163 5.69412355087091 5.67715168569055 5.67263463478635 5.68170398900136 5.6777553621022 5.67418059513787 5.61496041936017 5.57165055953344 5.55727362336313 5.53290795715256 5.53466290383162 5.49412102275827 7.33570453918372 7.32468807973639 7.34055043813928 7.29543315776434 7.25991822268383 7.25258048601448 7.24015968587278 7.13636458199643 7.13040678585408 7.12309369366476 0 0 0 7.0913989693979 7.08949729199227 5.16346124184301 5.16167964005906 5.16029894306197 5.15933574724287 5.15861350026026 5.15808947667688 5.15769235150026 5.15742089986868 5.15720255207836 4.59718186890314 4.59709454235685 4.59702589237392 4.59695545842042 4.59615045865418 4.59615102893846 4.59467772682654 3.37286896078419 3.37289860858689 3.3731984392305 3.37310790787149 4.59375367845712 4.59201360643876 4.59070967267807 4.58996559215724 4.58922439528904 5.82680882646515 5.82559783876999 5.82462730739495 3.13849155090824 3.13860000299588 3.13639574034424 3.13662748582017 5.82178151862891
3.32699495503347 0 0 5.90807396240009 5.84270051253067 5.7975691872723 7.02700512598992 5.69125765243852 5.66572188007601 5.6599981294742 5.65035479150938 5.66430401486739 5.65873125552585 5.6410471397649 5.61877650627159 5.54648445634425 5.55000138228226 5.52516545838544 5.52322319542456 5.50330276727951 5.45929601515641 7.32279201174144 7.31210168947254 7.32680370556613 7.2814883883481 7.24744495797266 7.22300366051509 7.17216254524412 7.12077345362717 7.11471878230584 7.09712197458767 7.09082213572988 7.08893314045334 7.0878209764783 7.08657690135701 5.16059682899707 5.15934543957495 5.15860317294603 5.15801565067163 5.15751692434535 5.15713665116049 5.15690451612833 5.15675063091053 5.15662722621833 4.59676723700454 4.59673194796767 4.59670152907461 4.59593341740302 4.59597099832535 4.59453795791766 3.37158514827683 3.37159720506943 3.37283434307051 3.37317847911556 3.37363319579235 4.59347877259661 4.59141322135391 4.59051167096998 4.58966068558821 4.58907687036971 3.13972352437179 3.13921549961309 3.13867432487157 3.13877445365416 3.13904442315316 3.13663913949161 3.13693190366113 5.82069477156928
0 0 0 7.23090278194374 7.15453338487816 7.07677132452615 7.01230392507519 6.96507682104035 6.94364209121795 6.92848915402612 5.62015021672946 5.6302092017141 5.63887935053617 5.62108100550203 5.61680332826454 5.57250118784226 5.55891289186666 5.52384648952869 5.52392264399881 5.50209619923101 5.4699891389061 5.44024162218474 5.43554711505119 5.42033626483157 7.32960603559233 5.37335348908419 7.24597447276661 7.20621664693763 7.14370854902906 7.11091980284481 7.09496309294219 7.0906513189971 7.08610175210305 7.08533340706252 7.08449660098012 5.15877937456989 5.15805610187381 5.15758211548823 5.15717816330783 5.15686480845798 5.15662468253305 5.15649569474647 5.15641093597412 4.59662571387612 4.59659847049581 4.59658909544089 4.59584488025471 4.59559453768898 4.5944962880855 3.37154588822217 3.37155122368299 3.37159229946002 3.37287539202313 3.37328458030228 3.37381618282307 4.59345322673222 4.59130907074792 4.59027822324392 4.58977926080549 4.58915397585018 4.5882477739852 3.13887806781651 3.1389057508951 3.13911904729735 3.1396257855859 3.13694297670724 5.82282507646625 5.82161753043504
3.43481283798276 0 0 0 7.17714072131448 7.07931839438821 6.99659401886462 6.94546827891256 6.93403848380731 6.91682087236855 6.90732353401826 5.60279680650491 5.59744014563471 5.59305849016749 5.60923726235548 5.57972503023999 5.53825163855151 5.53774931382452 5.53314384474216 5.50621727031265 5.47371255196982 5.44853284173705 5.44606370253718 5.44194649987269 5.4259555476143 5.4019793426699 5.31962708318169 7.23594328826896 7.19057980878676 7.10559819435224 7.09927592966439 7.08708968694397 7.08380326132547 7.08332887549779 5.15815085609479 5.15759488387789 5.15725826916425 5.15694981705143 5.15669840510571 5.1565171318354 5.15638391522867 5.15633528656456 5.15629676640775 4.59655683696257 4.59582617162644 4.59555802475591 4.59445193121635 3.37150786176729 3.37154575633315 3.37154145015745 3.37156382240309 3.37163391678646 3.37296543392687 3.37343941717117 3.37406611610864 4.59289874613482 4.59087529086405 4.59047205706796 4.59003909509977 4.58881384633263 4.58746212398482 2.40278717467974 3.13930894882709 3.13961062474105 5.82169905983079 5.82264536868542 5.82446370363712 5.82434702778155
6.52327543421188 0 0 0 7.19681373499847 7.09694607967684 7.01638723301523 6.97635478743302 6.94992740654958 6.9128981082303 6.88714643695862 5.57347814578362 5.57448422310811 5.56336730924331 5.56891521119609 5.55564463882544 5.54944932342012 5.53476864374068 5.53394401314386 5.52299750665676 5.48089061408814 5.45465702706385 2.90527003332478 5.4419986384169 5.43402769942616 5.42006720553414 5.38408684935252 5.32167046925005 5.29780793615338 5.1875061426408 7.10105296342044 5.15929865310147 5.15412380112113 5.15465544951641 5.15687286281324 5.1566176777244 5.15642565287161 5.15625365187412 5.15611223677396 5.15635446595818 5.1559587063497 5.15594519371057 5.15502782804639 4.59555155823745 4.59442472916463 3.37148135363405 3.37150786176729 3.3715085071078 3.37154751274659 3.37156133246923 3.37159318114483 3.37169942268863 3.37309642291575 3.37365979261634 3.37330207737928 4.59294771238435 4.59181274422538 4.5907381691237 4.59032330998104 4.58825311522006 4.58821309384609 2.40350780769318 2.40367001348109 4.58280207809148 4.58368611870134 5.82440357187598 4.58577426607435 0
6.58400578817231 0 0 0 7.21410213159638 7.09634599891921 7.00370655682447 6.95956606336152 6.92347292192282 6.88735145943732 6.87747324713014 5.54870870892689 5.56619294749164 5.5695073264972 5.56613320415143 5.57098119749001 5.55232558556348 5.52048648580476 2.95368116269957 2.95324295114672 3.72776386619957 5.46831669280501 5.46385350183246 5.46696694077116 5.46238623012949 5.41454685104935 5.40066560557558 5.33718392428182 5.29248053100836 5.24817981091317 5.18108479512254 5.16446007613722 5.15597192413931 5.15176101874606 3.71004723808096 3.70991526189101 3.71090877793854 3.70974689978065 3.71132879310622 5.15365183007357 1.52512486497471 1.52510288858086 1.51791474506516 3.37147759966304 3.37148135363405 3.37150789249648 3.37150835345004 3.37151176542608 3.37156432817895 3.37159662653865 3.3716723724527 3.37183068889997 3.37332227670197 3.37382516939099 3.37301145545856 3.3719630841789 4.59210898466371 4.59206146930552 4.58928912406772 4.58941699469929 2.40412706416502 2.40471612189974 4.59195879371958 4.58407223462742 4.58580873363133 4.58486369946044 0 0
6.66291779059953 4.22718910897261 0 0 0 3.86094826726884 3.81378047553674 6.94512530709877 6.91341024567425 6.88661241393621 3.75445890410054 3.74865414358539 5.55432455191105 5.55733794134637 5.56561909176675 5.56252014270853 6.86415030648355 6.84602703306786 6.84523710233288 6.83557367470824 6.82925415729043 6.81082304979065 6.79965176586555 6.79659316565626 5.47577918982974 5.43938556563293 5.42391258713082 5.37424299267793 5.33374490864467 5.28477139190391 5.19755259309841 5.17517972959673 5.15689427703948 5.15150987992481 3.70981699012258 3.70976114485745 3.70970232009595 3.70965945361474 3.70965432356886 3.70963089391599 3.70964279401681 1.52510385515468 3.37147796763312 3.37148029080367 3.37148187507766 3.37150838418133 3.37151733257628 3.37157759218667 3.37162702833474 3.37170053737116 3.37183361236215 3.37207210465293 3.37248467317421 3.37369781006311 3.37274826597326 3.37190756503302 4.59280215347195 4.59093332331547 4.59036691335088 4.59128682067584 2.40551605519731 2.40643237258356 2.40137650768301 4.5862810949909 4.5901650551995 0 0 0
3.58124740580793 3.53589315373972 0 0 0 0 3.82095902899938 3.79809587550219 3.78164755319305 3.76472645925239 3.75490836680255 3.75033942693113 6.88033493351029 6.87075754262195 6.87462420996936 6.86470902249354 6.87349519692261 6.867634474417 6.84381958734499 6.83503255402084 6.81668718205832 6.80950015599942 6.81373689650818 6.80971946444463 6.80505147252492 5.47283421463856 5.42151635629787 5.42167410391267 5.37199365086811 5.28764933170137 5.21715600366376 5.17561577136834 5.15667213376004 5.1513622360226 3.70969502806804 3.70965011032431 3.70963503301924 3.709637253755 3.70961874875404 3.70962572234947 3.70962055049531 1.52510449957858 3.3714783356221 3.37148068952897 3.3715110890498 3.37152561438168 3.37156261385037 3.37162384047093 3.37176197822082 3.37190205370763 3.37212515607106 3.37247708417188 3.37266292849361 3.37348188916103 3.37268391801353 3.37251523215224 3.3703824148693 4.59048568683002 4.59124240320958 4.5926999270547 2.40654604574527 2.40806515326019 0 4.58866677864056 0 0 0 0
3.59311526105518 0 0 0 0 0 0 3.80145369126938 3.77876584760168 3.76741313476173 3.75953044414377 3.75478198914966 6.88144175592034 6.90058839497199 6.90586380119223 6.89137294186951 6.87934319357081 6.86191141925933 6.84350082966408 6.84490605198772 6.8259936784486 6.8140719939887 6.8378701922746 6.85075082878081 6.83428780589379 5.48759587820824 5.45106186531967 6.75104322250851 5.3935441503377 5.30769163882164 5.24390256032775 5.1793133833931 5.16127489847158 5.15130238014128 3.70964463260681 3.70961875956298 3.70961179066621 3.70959934663699 3.70961320864202 3.70960905987797 3.70960967381413 3.37148966233245 3.3714815563317 3.37149583613762 3.37154514049465 3.37159383088253 3.371674260168 3.37179845177928 3.37201564222935 3.37225527599486 3.37259570329996 3.37310617913889 3.373143770629 3.37276148383866 3.37190063875292 3.37087246674802 3.36958802475969 4.59149577869627 4.59311331171226 2.4068895102986 2.40754019667957 0 0 0 0 0 0 0
0 0 0 0 0 0 0 0 3.79247056279476 6.91902914499396 6.89663173260842 6.88144268079462 6.88657442386249 3.76918874612199 3.7798041317481 6.91798519256742 6.90758845063381 6.89331561635698 6.88095206851111 6.87039744810724 6.86490502221717 6.85065191442407 6.84968633955187 6.85013868268683 6.84788189025476 6.82076416758597 6.79364380517554 6.77632137461949 6.72829896149486 6.67535035800715 6.63475732538678 5.21359847916032 5.1612325212309 5.15128587734367 3.70963406961654 3.70958581883884 3.70960498458217 3.70959323462284 3.70960762751347 3.70960153777429 3.37149249405551 3.37151083355391 3.37152957791661 3.37157513905593 3.37166772251922 3.37177832893775 3.37193458513293 3.37214304123605 3.3724720317062 3.37284780710734 3.37343432202017 3.37431149928191 3.37177623371846 3.37147485141658 3.37224881317799 3.37095798240305 3.37177099201667 3.37300744939301 4.59533084425933 2.40795020001877 0 0 0 0 0 0 0 0
0 0 0 0 0 0 0 0 3.80174185504625 3.78196684557242 3.77020598136633 3.76527388033081 3.77386112737704 6.9239330264313 6.9388341577198 6.93467839404554 6.9236851310601 6.90677659012643 6.8950300906915 6.88432168848362 6.86428938977085 6.8502933564334 6.84906821062326 6.84874235695181 6.84733751539694 6.83126878654376 6.81122987438516 6.7936094113034 6.75127515995607 6.70922960866566 6.65628738923327 6.57720225127079 5.17902196487451 3.70970065828571 3.70963112388273 3.70959488477511 3.70956983700471 3.70960196449372 3.70961464114217 3.70964069037055 3.3715470206612 3.37159949005488 3.37166844152493 3.37177249598005 3.37194195230987 3.37213470270362 3.37239640554782 3.37273025347575 3.37321093957129 3.37393147994874 3.37489711110549 3.37309036501695 3.37298861092071 3.37269314558094 3.37064574106776 3.37332256029915 3.37451296215697 3.3765671874482 1.85605243401143 2.40214125770918 0 0 0 0 0 0 0 0
0 0 0 0 0 0 0 3.83437207671127 3.81502107223666 3.79461647194013 3.78242014753849 6.93220401139343 6.94122235316697 6.95453644329931 6.96819524820022 6.94409193749407 6.92915051555315 6.90462827231016 6.89750725716699 6.87738679436861 6.86355007660909 6.8496755863572 6.84851736440427 6.8479607087473 6.845666679287 6.84568250485458 6.81884121452335 6.81103613542624 6.75216079278623 6.72865744665662 6.65645252833369 6.5999337027105 5.18315360213649 3.71638928043047 3.70993621532586 3.70958181730112 3.70957604381112 3.70961026856796 3.70965887320179 3.37158274902222 3.37166010072736 3.3717759704181 3.37191479496735 3.37211565982507 3.37239519295813 3.37271904529714 3.37312535287542 3.37371497439164 3.37220399596442 3.3727768858314 3.3738394008353 3.37474876267137 3.37437908971173 3.37300897867938 3.37300729039038 3.37450798980943 3.37811865219765 1.85727643519136 1.84782185805177 1.84812935976774 0 0 0 0 0 0 0 0
0 0 0 0 3.95485013871651 7.15960669664373 7.11282739834569 7.06267284421333 7.03229033353753 6.99761488087998 6.96482423900461 6.96232937075668 6.96616583043312 6.96575392158603 8.67244562194761 6.95649178183623 6.94806027881126 6.92634399072497 6.89512571647191 6.86417124210921 6.8564163037625 6.84951615273746 6.84844820407892 6.84769293435085 6.8454712658494 6.84554322301408 6.82945481525504 6.81897319603786 6.77483666616724 6.72753694790828 6.65671596742481 6.60005701358947 3.7686924787738 3.71965008246457 3.71011433418365 3.70985535948888 3.7098410694738 3.7096486525401 3.70976576762702 3.371715568153 3.37185811148419 3.37206039871651 3.37231658822793 3.37267953631055 3.37308789648426 3.37144776963044 3.37171675791063 3.37246685396507 3.37343455827394 3.37477620652972 3.37565351109214 3.37723355579694 3.37527115730232 3.37577480958006 3.37673466318932 3.37826724216567 3.38162849109535 1.84826412352009 1.8487122380951 1.84952373005617 0 0 0 0 0 0 0 0
